{
 "cells": [
  {
   "cell_type": "code",
   "execution_count": 2,
   "metadata": {},
   "outputs": [],
   "source": [
    "# creating str from initial fasta files and counting their length\n",
    "from Bio import SeqIO"
   ]
  },
  {
   "cell_type": "code",
   "execution_count": 3,
   "metadata": {},
   "outputs": [],
   "source": [
    "record1, record2, record3, record4, record5, record6, record7, record8, record9, record10, record11, record12, record13, record14, record15, record16, record17 = SeqIO.read(\"ScChrI.fasta\",\"fasta\"), SeqIO.read(\"ScChrII.fasta\",\"fasta\"), SeqIO.read(\"ScChrIII.fasta\",\"fasta\"), SeqIO.read(\"ScChrIV.fasta\",\"fasta\"), SeqIO.read(\"ScChrV.fasta\",\"fasta\"), SeqIO.read(\"ScChrVI.fasta\",\"fasta\"), SeqIO.read(\"ScChrVII.fasta\",\"fasta\"), SeqIO.read(\"ScChrVIII.fasta\",\"fasta\"), SeqIO.read(\"ScChrIX.fasta\",\"fasta\"), SeqIO.read(\"ScChrX.fasta\",\"fasta\"), SeqIO.read(\"ScChrXI.fasta\",\"fasta\"), SeqIO.read(\"ScChrXII.fasta\",\"fasta\"), SeqIO.read(\"ScChrXIII.fasta\",\"fasta\"), SeqIO.read(\"ScChrXIV.fasta\",\"fasta\"), SeqIO.read(\"ScChrXV.fasta\",\"fasta\"), SeqIO.read(\"ScChrXVI.fasta\",\"fasta\"), SeqIO.read(\"ScMT.fasta\",\"fasta\")"
   ]
  },
  {
   "cell_type": "code",
   "execution_count": 4,
   "metadata": {},
   "outputs": [
    {
     "name": "stdout",
     "output_type": "stream",
     "text": [
      "ID: NC_001136.10\n",
      "Name: NC_001136.10\n",
      "Description: NC_001136.10 Saccharomyces cerevisiae S288C chromosome IV, complete sequence\n",
      "Number of features: 0\n",
      "Seq('ACACCACACCCACACCACACCCACACACACCACACCCACACACCACACCCACAC...TGG', SingleLetterAlphabet())\n"
     ]
    }
   ],
   "source": [
    "print(record4)"
   ]
  },
  {
   "cell_type": "code",
   "execution_count": 5,
   "metadata": {},
   "outputs": [],
   "source": [
    "seq1, seq2, seq3, seq4, seq5, seq6, seq7, seq8, seq9, seq10, seq11, seq12, seq13, seq14, seq15, seq16, seq17 = str(record1.seq), str(record2.seq), str(record3.seq), str(record4.seq), str(record5.seq), str(record6.seq), str(record7.seq), str(record8.seq), str(record9.seq), str(record10.seq), str(record11.seq), str(record12.seq), str(record13.seq), str(record14.seq), str(record15.seq), str(record16.seq), str(record17.seq)"
   ]
  },
  {
   "cell_type": "code",
   "execution_count": 6,
   "metadata": {},
   "outputs": [
    {
     "name": "stdout",
     "output_type": "stream",
     "text": [
      "230218 813184 316620 1531933 576874 270161 1090940 562643 439888 745751 666816 1078177 924431 784333 1091291 948066 85779 12157105\n"
     ]
    }
   ],
   "source": [
    "l1, l2, l3, l4, l5, l6, l7, l8, l9, l10, l11, l12, l13, l14, l15, l16, l17 = len(seq1), len(seq2), len(seq3), len(seq4), len(seq5), len(seq6), len(seq7), len(seq8), len(seq9), len(seq10), len(seq11), len(seq12), len(seq13), len(seq14), len(seq15), len(seq16), len(seq17)\n",
    "lsum = l1+l2+l3+l4+l5+l6+l7+l8+l9+l10+l11+l12+l13+l14+l15+l16+l17\n",
    "print(l1, l2, l3, l4, l5, l6, l7, l8, l9, l10, l11, l12, l13, l14, l15, l16, l17, lsum)"
   ]
  },
  {
   "cell_type": "code",
   "execution_count": 7,
   "metadata": {},
   "outputs": [
    {
     "name": "stdout",
     "output_type": "stream",
     "text": [
      "0 230218 1043402 1360022 2891955 3468829 3738990 4829930 5392573 5832461 6578212 7245028 8323205 9247636 10031969 11123260 12071326\n"
     ]
    }
   ],
   "source": [
    "sum1 = 0\n",
    "sum2 = sum1+l1\n",
    "sum3 = sum2+l2\n",
    "sum4 = sum3+l3\n",
    "sum5 = sum4+l4\n",
    "sum6 = sum5+l5\n",
    "sum7 = sum6+l6\n",
    "sum8 = sum7+l7\n",
    "sum9 = sum8+l8\n",
    "sum10 = sum9+l9\n",
    "sum11 = sum10+l10\n",
    "sum12 = sum11+l11\n",
    "sum13 = sum12+l12\n",
    "sum14 = sum13+l13\n",
    "sum15 = sum14+l14\n",
    "sum16 = sum15+l15\n",
    "sum17 = sum16+l16\n",
    "print(sum1, sum2, sum3, sum4, sum5, sum6, sum7, sum8, sum9, sum10, sum11, sum12, sum13, sum14, sum15, sum16, sum17)"
   ]
  },
  {
   "cell_type": "code",
   "execution_count": 8,
   "metadata": {},
   "outputs": [
    {
     "name": "stdout",
     "output_type": "stream",
     "text": [
      "12157105 True\n"
     ]
    }
   ],
   "source": [
    "# creating full genomic str, including reverse strain\n",
    "seq18for = seq1+seq2+seq3+seq4+seq5+seq6+seq7+seq8+seq9+seq10+seq11+seq12+seq13+seq14+seq15+seq16+seq17\n",
    "l18for = len(seq18for)\n",
    "print(l18for, l18for == lsum)"
   ]
  },
  {
   "cell_type": "code",
   "execution_count": 9,
   "metadata": {},
   "outputs": [
    {
     "name": "stdout",
     "output_type": "stream",
     "text": [
      "12157105 True\n"
     ]
    }
   ],
   "source": [
    "list18for = list(seq18for)\n",
    "reverse_dict = {\"A\": \"T\", \"T\": \"A\", \"C\": \"G\", \"G\": \"C\"}\n",
    "list18rev = []\n",
    "for i in list18for:\n",
    "    list18rev.append(reverse_dict.get(i))\n",
    "seq18rev = (\"\".join(list18rev))\n",
    "l18rev = len(seq18rev)\n",
    "print(l18rev, l18for == l18rev)"
   ]
  },
  {
   "cell_type": "code",
   "execution_count": 10,
   "metadata": {},
   "outputs": [],
   "source": [
    "# preparing gene table \n",
    "import pandas as pd \n",
    "import numpy as np\n",
    "sc_genemap_table = pd.read_csv(\"ScGenesFull2.csv\")\n",
    "strand_sel = sc_genemap_table['strand'] == \"+\"\n",
    "sc_genefor_table = sc_genemap_table.loc[strand_sel]\n",
    "sc_generev_table = sc_genemap_table.loc[strand_sel==False]"
   ]
  },
  {
   "cell_type": "code",
   "execution_count": 11,
   "metadata": {},
   "outputs": [],
   "source": [
    "import pandas as pd\n",
    "sc_genemap_table = pd.read_csv(\"ScGenesFull2.csv\")\n",
    "chrom_dict = {'chrI':1, 'chrII':2, 'chrIII':3, 'chrIV':4, 'chrV':5, 'chrVI':6, 'chrVII':7, 'chrVIII':8, 'chrIX':9, 'chrX':10, 'chrXI':11, 'chrXII':12, 'chrXIII':13, 'chrXIV':14, 'chrXV':15, 'chrXVI':16, 'chrM':17}\n",
    "sc_genefor_table['chrom'] = sc_genefor_table['chrom'].map(chrom_dict)\n",
    "sc_generev_table['chrom'] = sc_generev_table['chrom'].map(chrom_dict)"
   ]
  },
  {
   "cell_type": "code",
   "execution_count": 12,
   "metadata": {},
   "outputs": [],
   "source": [
    "chr_sel1 = sc_genefor_table['chrom'] == 1\n",
    "sc_genefor_table1 = sc_genefor_table.loc[chr_sel1]\n",
    "chr_sel2 = sc_genefor_table['chrom'] == 2\n",
    "sc_genefor_table2 = sc_genefor_table.loc[chr_sel2]\n",
    "chr_sel3 = sc_genefor_table['chrom'] == 3\n",
    "sc_genefor_table3 = sc_genefor_table.loc[chr_sel3]\n",
    "chr_sel4 = sc_genefor_table['chrom'] == 4\n",
    "sc_genefor_table4 = sc_genefor_table.loc[chr_sel4]\n",
    "chr_sel5 = sc_genefor_table['chrom'] == 5\n",
    "sc_genefor_table5 = sc_genefor_table.loc[chr_sel5]\n",
    "chr_sel6 = sc_genefor_table['chrom'] == 6\n",
    "sc_genefor_table6 = sc_genefor_table.loc[chr_sel6]\n",
    "chr_sel7 = sc_genefor_table['chrom'] == 7\n",
    "sc_genefor_table7 = sc_genefor_table.loc[chr_sel7]\n",
    "chr_sel8 = sc_genefor_table['chrom'] == 8\n",
    "sc_genefor_table8 = sc_genefor_table.loc[chr_sel8]\n",
    "chr_sel9 = sc_genefor_table['chrom'] == 9\n",
    "sc_genefor_table9 = sc_genefor_table.loc[chr_sel9]\n",
    "chr_sel10 = sc_genefor_table['chrom'] == 10\n",
    "sc_genefor_table10 = sc_genefor_table.loc[chr_sel10]\n",
    "chr_sel11 = sc_genefor_table['chrom'] == 11\n",
    "sc_genefor_table11 = sc_genefor_table.loc[chr_sel11]\n",
    "chr_sel12 = sc_genefor_table['chrom'] == 12\n",
    "sc_genefor_table12 = sc_genefor_table.loc[chr_sel12]\n",
    "chr_sel13 = sc_genefor_table['chrom'] == 13\n",
    "sc_genefor_table13 = sc_genefor_table.loc[chr_sel13]\n",
    "chr_sel14 = sc_genefor_table['chrom'] == 14\n",
    "sc_genefor_table14 = sc_genefor_table.loc[chr_sel14]\n",
    "chr_sel15 = sc_genefor_table['chrom'] == 15\n",
    "sc_genefor_table15 = sc_genefor_table.loc[chr_sel15]\n",
    "chr_sel16 = sc_genefor_table['chrom'] == 16\n",
    "sc_genefor_table16 = sc_genefor_table.loc[chr_sel16]\n",
    "chr_sel17 = sc_genefor_table['chrom'] == 17\n",
    "sc_genefor_table17 = sc_genefor_table.loc[chr_sel17]\n",
    "chr_sel1 = sc_generev_table['chrom'] == 1\n",
    "sc_generev_table1 = sc_generev_table.loc[chr_sel1]\n",
    "chr_sel2 = sc_generev_table['chrom'] == 2\n",
    "sc_generev_table2 = sc_generev_table.loc[chr_sel2]\n",
    "chr_sel3 = sc_generev_table['chrom'] == 3\n",
    "sc_generev_table3 = sc_generev_table.loc[chr_sel3]\n",
    "chr_sel4 = sc_generev_table['chrom'] == 4\n",
    "sc_generev_table4 = sc_generev_table.loc[chr_sel4]\n",
    "chr_sel5 = sc_generev_table['chrom'] == 5\n",
    "sc_generev_table5 = sc_generev_table.loc[chr_sel5]\n",
    "chr_sel6 = sc_generev_table['chrom'] == 6\n",
    "sc_generev_table6 = sc_generev_table.loc[chr_sel6]\n",
    "chr_sel7 = sc_generev_table['chrom'] == 7\n",
    "sc_generev_table7 = sc_generev_table.loc[chr_sel7]\n",
    "chr_sel8 = sc_generev_table['chrom'] == 8\n",
    "sc_generev_table8 = sc_generev_table.loc[chr_sel8]\n",
    "chr_sel9 = sc_generev_table['chrom'] == 9\n",
    "sc_generev_table9 = sc_generev_table.loc[chr_sel9]\n",
    "chr_sel10 = sc_generev_table['chrom'] == 10\n",
    "sc_generev_table10 = sc_generev_table.loc[chr_sel10]\n",
    "chr_sel11 = sc_generev_table['chrom'] == 11\n",
    "sc_generev_table11 = sc_generev_table.loc[chr_sel11]\n",
    "chr_sel12 = sc_generev_table['chrom'] == 12\n",
    "sc_generev_table12 = sc_generev_table.loc[chr_sel12]\n",
    "chr_sel13 = sc_generev_table['chrom'] == 13\n",
    "sc_generev_table13 = sc_generev_table.loc[chr_sel13]\n",
    "chr_sel14 = sc_generev_table['chrom'] == 14\n",
    "sc_generev_table14 = sc_generev_table.loc[chr_sel14]\n",
    "chr_sel15 = sc_generev_table['chrom'] == 15\n",
    "sc_generev_table15 = sc_generev_table.loc[chr_sel15]\n",
    "chr_sel16 = sc_generev_table['chrom'] == 16\n",
    "sc_generev_table16 = sc_generev_table.loc[chr_sel16]\n",
    "chr_sel17 = sc_generev_table['chrom'] == 17\n",
    "sc_generev_table17 = sc_generev_table.loc[chr_sel17]"
   ]
  },
  {
   "cell_type": "code",
   "execution_count": 13,
   "metadata": {
    "jupyter": {
     "source_hidden": true
    }
   },
   "outputs": [],
   "source": [
    "list_for1 = sc_genefor_table1[\"txStart\"].tolist()\n",
    "list_for2 = sc_genefor_table2[\"txStart\"].tolist()\n",
    "list_for3 = sc_genefor_table3[\"txStart\"].tolist()\n",
    "list_for4 = sc_genefor_table4[\"txStart\"].tolist()\n",
    "list_for5 = sc_genefor_table5[\"txStart\"].tolist()\n",
    "list_for6 = sc_genefor_table6[\"txStart\"].tolist()\n",
    "list_for7 = sc_genefor_table7[\"txStart\"].tolist()\n",
    "list_for8 = sc_genefor_table8[\"txStart\"].tolist()\n",
    "list_for9 = sc_genefor_table9[\"txStart\"].tolist()\n",
    "list_for10 = sc_genefor_table10[\"txStart\"].tolist()\n",
    "list_for11 = sc_genefor_table11[\"txStart\"].tolist()\n",
    "list_for12 = sc_genefor_table12[\"txStart\"].tolist()\n",
    "list_for13 = sc_genefor_table13[\"txStart\"].tolist()\n",
    "list_for14 = sc_genefor_table14[\"txStart\"].tolist()\n",
    "list_for15 = sc_genefor_table15[\"txStart\"].tolist()\n",
    "list_for16 = sc_genefor_table16[\"txStart\"].tolist()\n",
    "list_for17 = sc_genefor_table17[\"txStart\"].tolist()\n",
    "list_rev1 = sc_generev_table1[\"txEnd\"].tolist()\n",
    "list_rev2 = sc_generev_table2[\"txEnd\"].tolist()\n",
    "list_rev3 = sc_generev_table3[\"txEnd\"].tolist()\n",
    "list_rev4 = sc_generev_table4[\"txEnd\"].tolist()\n",
    "list_rev5 = sc_generev_table5[\"txEnd\"].tolist()\n",
    "list_rev6 = sc_generev_table6[\"txEnd\"].tolist()\n",
    "list_rev7 = sc_generev_table7[\"txEnd\"].tolist()\n",
    "list_rev8 = sc_generev_table8[\"txEnd\"].tolist()\n",
    "list_rev9 = sc_generev_table9[\"txEnd\"].tolist()\n",
    "list_rev10 = sc_generev_table10[\"txEnd\"].tolist()\n",
    "list_rev11 = sc_generev_table11[\"txEnd\"].tolist()\n",
    "list_rev12 = sc_generev_table12[\"txEnd\"].tolist()\n",
    "list_rev13 = sc_generev_table13[\"txEnd\"].tolist()\n",
    "list_rev14 = sc_generev_table14[\"txEnd\"].tolist()\n",
    "list_rev15 = sc_generev_table15[\"txEnd\"].tolist()\n",
    "list_rev16 = sc_generev_table16[\"txEnd\"].tolist()\n",
    "list_rev17 = sc_generev_table17[\"txEnd\"].tolist()"
   ]
  },
  {
   "cell_type": "code",
   "execution_count": 14,
   "metadata": {
    "jupyter": {
     "source_hidden": true
    }
   },
   "outputs": [
    {
     "name": "stdout",
     "output_type": "stream",
     "text": [
      "3088\n"
     ]
    }
   ],
   "source": [
    "list_genome_for = []\n",
    "for i in list_for1:\n",
    "    j = i+sum1\n",
    "    list_genome_for.append(j)\n",
    "for i in list_for2:\n",
    "    j = i+sum2\n",
    "    list_genome_for.append(j)\n",
    "for i in list_for3:\n",
    "    j = i+sum3\n",
    "    list_genome_for.append(j)\n",
    "for i in list_for4:\n",
    "    j = i+sum4\n",
    "    list_genome_for.append(j)\n",
    "for i in list_for5:\n",
    "    j = i+sum5\n",
    "    list_genome_for.append(j)\n",
    "for i in list_for6:\n",
    "    j = i+sum6\n",
    "    list_genome_for.append(j)\n",
    "for i in list_for7:\n",
    "    j = i+sum7\n",
    "    list_genome_for.append(j)\n",
    "for i in list_for8:\n",
    "    j = i+sum8\n",
    "    list_genome_for.append(j)\n",
    "for i in list_for9:\n",
    "    j = i+sum9\n",
    "    list_genome_for.append(j)\n",
    "for i in list_for10:\n",
    "    j = i+sum10\n",
    "    list_genome_for.append(j)\n",
    "for i in list_for11:\n",
    "    j = i+sum11\n",
    "    list_genome_for.append(j)\n",
    "for i in list_for12:\n",
    "    j = i+sum12\n",
    "    list_genome_for.append(j)\n",
    "for i in list_for13:\n",
    "    j = i+sum13\n",
    "    list_genome_for.append(j)\n",
    "for i in list_for14:\n",
    "    j = i+sum14\n",
    "    list_genome_for.append(j)\n",
    "for i in list_for15:\n",
    "    j = i+sum15\n",
    "    list_genome_for.append(j)\n",
    "for i in list_for16:\n",
    "    j = i+sum16\n",
    "    list_genome_for.append(j)\n",
    "for i in list_for17:\n",
    "    j = i+sum17\n",
    "    list_genome_for.append(j)\n",
    "print(len(list_genome_for))"
   ]
  },
  {
   "cell_type": "code",
   "execution_count": 15,
   "metadata": {
    "jupyter": {
     "source_hidden": true
    }
   },
   "outputs": [
    {
     "name": "stdout",
     "output_type": "stream",
     "text": [
      "3037\n"
     ]
    }
   ],
   "source": [
    "list_genome_rev = []\n",
    "for i in list_rev1:\n",
    "    j = i+sum1\n",
    "    list_genome_rev.append(j)\n",
    "for i in list_rev2:\n",
    "    j = i+sum2\n",
    "    list_genome_rev.append(j)\n",
    "for i in list_rev3:\n",
    "    j = i+sum3\n",
    "    list_genome_rev.append(j)\n",
    "for i in list_rev4:\n",
    "    j = i+sum4\n",
    "    list_genome_rev.append(j)\n",
    "for i in list_rev5:\n",
    "    j = i+sum5\n",
    "    list_genome_rev.append(j)\n",
    "for i in list_rev6:\n",
    "    j = i+sum6\n",
    "    list_genome_rev.append(j)\n",
    "for i in list_rev7:\n",
    "    j = i+sum7\n",
    "    list_genome_rev.append(j)\n",
    "for i in list_rev8:\n",
    "    j = i+sum8\n",
    "    list_genome_rev.append(j)\n",
    "for i in list_rev9:\n",
    "    j = i+sum9\n",
    "    list_genome_rev.append(j)\n",
    "for i in list_rev10:\n",
    "    j = i+sum10\n",
    "    list_genome_rev.append(j)\n",
    "for i in list_rev11:\n",
    "    j = i+sum11\n",
    "    list_genome_rev.append(j)\n",
    "for i in list_rev12:\n",
    "    j = i+sum12\n",
    "    list_genome_rev.append(j)\n",
    "for i in list_rev13:\n",
    "    j = i+sum13\n",
    "    list_genome_rev.append(j)\n",
    "for i in list_rev14:\n",
    "    j = i+sum14\n",
    "    list_genome_rev.append(j)\n",
    "for i in list_rev15:\n",
    "    j = i+sum15\n",
    "    list_genome_rev.append(j)\n",
    "for i in list_rev16:\n",
    "    j = i+sum16\n",
    "    list_genome_rev.append(j)\n",
    "for i in list_rev17:\n",
    "    j = i+sum17\n",
    "    list_genome_rev.append(j)\n",
    "print(len(list_genome_rev))"
   ]
  },
  {
   "cell_type": "code",
   "execution_count": 16,
   "metadata": {},
   "outputs": [],
   "source": [
    "# preparing percentage lists \n",
    "letterlist_for = []\n",
    "for letter in list_genome_for:\n",
    "    case = seq18for[letter-50:letter+101]\n",
    "    letterlist_for.append(case)\n",
    "n = len(letterlist_for)\n",
    "letterlist_rev = []\n",
    "for letter in list_genome_rev:\n",
    "    case = seq18rev[letter-101:letter+50]\n",
    "    letterlist_rev.append(case)\n",
    "m = len(letterlist_rev)"
   ]
  },
  {
   "cell_type": "code",
   "execution_count": 17,
   "metadata": {},
   "outputs": [],
   "source": [
    "#Thymine - for\n",
    "list_TF = []\n",
    "for k in range(151):\n",
    "    thy = 0\n",
    "    for sample in letterlist_for:\n",
    "        if sample[k:k+1]==\"T\":\n",
    "            thy += 1\n",
    "    per = thy/n\n",
    "    list_TF.append(per)\n",
    "#Adenine - for\n",
    "list_AF = []\n",
    "for k in range(151):\n",
    "    ade = 0\n",
    "    for sample in letterlist_for:\n",
    "        if sample[k:k+1]==\"A\":\n",
    "            ade += 1\n",
    "    per = ade/n\n",
    "    list_AF.append(per)\n",
    "#Cytosine - for\n",
    "list_CF = []\n",
    "for k in range(151):\n",
    "    cyt = 0\n",
    "    for sample in letterlist_for:\n",
    "        if sample[k:k+1]==\"C\":\n",
    "            cyt += 1\n",
    "    per = cyt/n\n",
    "    list_CF.append(per)\n",
    "#Guanine - for\n",
    "list_GF = []\n",
    "for k in range(151):\n",
    "    gua = 0\n",
    "    for sample in letterlist_for:\n",
    "        if sample[k:k+1]==\"G\":\n",
    "            gua += 1\n",
    "    per = gua/n\n",
    "    list_GF.append(per)\n",
    "list_allF = list(map(sum, zip(list_TF,list_AF,list_CF,list_GF))) #for control"
   ]
  },
  {
   "cell_type": "code",
   "execution_count": 18,
   "metadata": {},
   "outputs": [],
   "source": [
    "positlist = []\n",
    "a = range(-50, 101)\n",
    "for x in a:\n",
    "    positlist.append(x)"
   ]
  },
  {
   "cell_type": "code",
   "execution_count": 19,
   "metadata": {},
   "outputs": [
    {
     "name": "stdout",
     "output_type": "stream",
     "text": [
      "[(-50, 0.2959844559585492, 0.35330310880829013, 0.15997409326424872, 0.19073834196891193, 1.0), (-49, 0.3001943005181347, 0.3626943005181347, 0.16547927461139897, 0.1716321243523316, 1.0), (-48, 0.3089378238341969, 0.3384067357512953, 0.16742227979274613, 0.18523316062176165, 1.0), (-47, 0.3160621761658031, 0.35038860103626945, 0.1641839378238342, 0.16936528497409326, 1.0), (-46, 0.30375647668393785, 0.3555699481865285, 0.1716321243523316, 0.16904145077720206, 1.0), (-45, 0.3069948186528497, 0.3400259067357513, 0.1794041450777202, 0.17357512953367876, 1.0), (-44, 0.2979274611398964, 0.3646373056994819, 0.16159326424870465, 0.17584196891191708, 1.0), (-43, 0.3118523316062176, 0.35071243523316065, 0.16742227979274613, 0.17001295336787564, 1.0), (-42, 0.29501295336787564, 0.35654145077720206, 0.18037564766839378, 0.16806994818652848, 1.0), (-41, 0.2924222797927461, 0.3591321243523316, 0.1635362694300518, 0.18490932642487046, 1.0), (-40, 0.28788860103626945, 0.3649611398963731, 0.179080310880829, 0.16806994818652848, 1.0), (-39, 0.2911269430051813, 0.3549222797927461, 0.17389896373056996, 0.1800518134715026, 1.0), (-38, 0.2817357512953368, 0.3701424870466321, 0.18588082901554404, 0.16224093264248704, 1.0), (-37, 0.26262953367875647, 0.4005829015544041, 0.15705958549222798, 0.1797279792746114, 0.9999999999999999), (-36, 0.2920984455958549, 0.3756476683937824, 0.15770725388601037, 0.17454663212435234, 1.0), (-35, 0.2658678756476684, 0.3850388601036269, 0.18102331606217617, 0.16806994818652848, 1.0), (-34, 0.2852979274611399, 0.3795336787564767, 0.16936528497409326, 0.16580310880829016, 1.0), (-33, 0.2778497409326425, 0.38341968911917096, 0.17389896373056996, 0.16483160621761658, 0.9999999999999999), (-32, 0.2661917098445596, 0.38471502590673573, 0.18490932642487046, 0.1641839378238342, 1.0), (-31, 0.2814119170984456, 0.38374352331606215, 0.17422279792746115, 0.16062176165803108, 0.9999999999999999), (-30, 0.2610103626943005, 0.38762953367875647, 0.17551813471502592, 0.17584196891191708, 1.0), (-29, 0.2655440414507772, 0.38762953367875647, 0.18620466321243523, 0.16062176165803108, 1.0), (-28, 0.26262953367875647, 0.38795336787564766, 0.18879533678756477, 0.16062176165803108, 1.0), (-27, 0.27946891191709844, 0.36917098445595853, 0.18329015544041452, 0.16806994818652848, 1.0), (-26, 0.24902849740932642, 0.39961139896373055, 0.1797279792746114, 0.1716321243523316, 1.0), (-25, 0.25259067357512954, 0.40803108808290156, 0.18685233160621761, 0.15252590673575128, 1.0), (-24, 0.2551813471502591, 0.3856865284974093, 0.19430051813471502, 0.16483160621761658, 1.0), (-23, 0.25841968911917096, 0.4022020725388601, 0.18231865284974094, 0.15705958549222798, 0.9999999999999999), (-22, 0.24838082901554404, 0.41224093264248707, 0.17260362694300518, 0.16677461139896374, 1.0), (-21, 0.265220207253886, 0.3905440414507772, 0.17746113989637305, 0.16677461139896374, 1.0), (-20, 0.25809585492227977, 0.4060880829015544, 0.17810880829015543, 0.15770725388601037, 0.9999999999999999), (-19, 0.2503238341968912, 0.40382124352331605, 0.17325129533678757, 0.17260362694300518, 1.0), (-18, 0.27979274611398963, 0.38115284974093266, 0.1797279792746114, 0.15932642487046633, 1.0), (-17, 0.2710492227979275, 0.38374352331606215, 0.18652849740932642, 0.15867875647668395, 1.0), (-16, 0.2535621761658031, 0.4177461139896373, 0.17357512953367876, 0.15511658031088082, 0.9999999999999999), (-15, 0.2849740932642487, 0.40414507772020725, 0.15770725388601037, 0.15317357512953367, 1.0), (-14, 0.26781088082901555, 0.4067357512953368, 0.16580310880829016, 0.15965025906735753, 1.0), (-13, 0.2422279792746114, 0.41353626943005184, 0.16839378238341968, 0.17584196891191708, 1.0), (-12, 0.2713730569948187, 0.3795336787564767, 0.19009067357512954, 0.15900259067357514, 1.0), (-11, 0.24319948186528498, 0.40867875647668395, 0.19106217616580312, 0.15705958549222798, 1.0), (-10, 0.28886010362694303, 0.38147668393782386, 0.17616580310880828, 0.15349740932642486, 1.0), (-9, 0.2849740932642487, 0.37759067357512954, 0.18102331606217617, 0.1564119170984456, 1.0), (-8, 0.2710492227979275, 0.39281088082901555, 0.17454663212435234, 0.16159326424870465, 1.0), (-7, 0.27396373056994816, 0.39702072538860106, 0.16224093264248704, 0.16677461139896374, 1.0), (-6, 0.2914507772020725, 0.35751295336787564, 0.1719559585492228, 0.179080310880829, 1.0), (-5, 0.2869170984455959, 0.3549222797927461, 0.20142487046632124, 0.1567357512953368, 1.0), (-4, 0.22117875647668395, 0.43069948186528495, 0.19948186528497408, 0.148639896373057, 0.9999999999999999), (-3, 0.11658031088082901, 0.6078367875647669, 0.0819300518134715, 0.19365284974093264, 1.0), (-2, 0.2344559585492228, 0.41321243523316065, 0.21373056994818654, 0.13860103626943004, 1.0), (-1, 0.22247409326424872, 0.44559585492227977, 0.18069948186528498, 0.15123056994818654, 0.9999999999999999), (0, 0.0045336787564766836, 0.9886658031088082, 0.0009715025906735751, 0.005829015544041451, 1.0), (1, 0.9876943005181347, 0.005505181347150259, 0.0022668393782383418, 0.0045336787564766836, 1.0), (2, 0.007124352331606218, 0.003238341968911917, 0.0051813471502590676, 0.9844559585492227, 1.0), (3, 0.265220207253886, 0.3089378238341969, 0.12597150259067358, 0.29987046632124353, 1.0), (4, 0.20174870466321243, 0.26748704663212436, 0.3788860103626943, 0.15187823834196892, 1.0), (5, 0.3649611398963731, 0.2976036269430052, 0.18814766839378239, 0.14928756476683938, 1.0), (6, 0.23963730569948186, 0.32674870466321243, 0.15252590673575128, 0.2810880829015544, 1.0), (7, 0.25129533678756477, 0.33516839378238344, 0.24935233160621761, 0.1641839378238342, 1.0), (8, 0.3073186528497409, 0.31476683937823835, 0.21243523316062177, 0.16547927461139897, 1.0), (9, 0.23283678756476683, 0.34617875647668395, 0.1871761658031088, 0.2338082901554404, 1.0), (10, 0.25323834196891193, 0.37240932642487046, 0.23672279792746115, 0.13762953367875647, 1.0), (11, 0.32027202072538863, 0.35136010362694303, 0.17454663212435234, 0.15382124352331605, 1.0), (12, 0.20660621761658032, 0.3743523316062176, 0.17519430051813473, 0.24384715025906736, 1.0), (13, 0.24838082901554404, 0.3743523316062176, 0.234779792746114, 0.14248704663212436, 1.0), (14, 0.3170336787564767, 0.3471502590673575, 0.16159326424870465, 0.17422279792746115, 1.0), (15, 0.23834196891191708, 0.344559585492228, 0.16580310880829016, 0.25129533678756477, 1.0), (16, 0.2862694300518135, 0.3118523316062176, 0.25194300518134716, 0.14993523316062177, 1.0), (17, 0.32027202072538863, 0.33743523316062174, 0.16612694300518135, 0.17616580310880828, 1.0), (18, 0.23898963730569947, 0.35751295336787564, 0.1719559585492228, 0.23154145077720206, 1.0), (19, 0.28303108808290156, 0.3490932642487047, 0.22053108808290156, 0.14734455958549222, 1.0), (20, 0.33613989637305697, 0.30990932642487046, 0.17260362694300518, 0.18134715025906736, 1.0), (21, 0.22571243523316062, 0.3432642487046632, 0.19300518134715025, 0.23801813471502592, 1.0), (22, 0.2772020725388601, 0.33775906735751293, 0.23672279792746115, 0.1483160621761658, 0.9999999999999999), (23, 0.3079663212435233, 0.3176813471502591, 0.17746113989637305, 0.19689119170984457, 1.0), (24, 0.22409326424870465, 0.33419689119170987, 0.18523316062176165, 0.25647668393782386, 1.0), (25, 0.2655440414507772, 0.3435880829015544, 0.24093264248704663, 0.14993523316062177, 0.9999999999999999), (26, 0.3115284974093264, 0.3021373056994819, 0.18847150259067358, 0.19786269430051814, 1.0), (27, 0.22571243523316062, 0.3180051813471503, 0.18620466321243523, 0.2700777202072539, 1.0), (28, 0.280440414507772, 0.3173575129533679, 0.25129533678756477, 0.15090673575129535, 1.0), (29, 0.3011658031088083, 0.3180051813471503, 0.17875647668393782, 0.20207253886010362, 1.0), (30, 0.2033678756476684, 0.32091968911917096, 0.19203367875647667, 0.28367875647668395, 1.0), (31, 0.2700777202072539, 0.3270725388601036, 0.23963730569948186, 0.16321243523316062, 1.0), (32, 0.3115284974093264, 0.2911269430051813, 0.20854922279792745, 0.18879533678756477, 0.9999999999999999), (33, 0.22506476683937823, 0.32674870466321243, 0.17551813471502592, 0.27266839378238344, 1.0), (34, 0.29954663212435234, 0.3125, 0.2425518134715026, 0.14540155440414507, 0.9999999999999999), (35, 0.3089378238341969, 0.28950777202072536, 0.20531088082901555, 0.19624352331606218, 1.0), (36, 0.23316062176165803, 0.3079663212435233, 0.17422279792746115, 0.2846502590673575, 0.9999999999999999), (37, 0.28303108808290156, 0.3160621761658031, 0.24579015544041452, 0.15511658031088082, 1.0), (38, 0.34132124352331605, 0.26424870466321243, 0.20174870466321243, 0.19268134715025906, 1.0), (39, 0.20693005181347152, 0.32545336787564766, 0.20207253886010362, 0.2655440414507772, 1.0), (40, 0.27817357512953367, 0.32966321243523317, 0.24352331606217617, 0.148639896373057, 0.9999999999999999), (41, 0.31897668393782386, 0.280440414507772, 0.19624352331606218, 0.20433937823834197, 1.0), (42, 0.21470207253886012, 0.31509067357512954, 0.19397668393782383, 0.2762305699481865, 1.0), (43, 0.2823834196891192, 0.31994818652849744, 0.22895077720207255, 0.16871761658031087, 1.0), (44, 0.32512953367875647, 0.27299222797927464, 0.20563471502590674, 0.19624352331606218, 1.0), (45, 0.22020725388601037, 0.3290155440414508, 0.17260362694300518, 0.27817357512953367, 0.9999999999999999), (46, 0.27979274611398963, 0.32189119170984454, 0.24773316062176165, 0.15058290155440415, 0.9999999999999999), (47, 0.3082901554404145, 0.2765544041450777, 0.2189119170984456, 0.19624352331606218, 1.0), (48, 0.21761658031088082, 0.30926165803108807, 0.18329015544041452, 0.28983160621761656, 1.0), (49, 0.2814119170984456, 0.31865284974093266, 0.25194300518134716, 0.1479922279792746, 1.0), (50, 0.3011658031088083, 0.29533678756476683, 0.20595854922279794, 0.19753886010362695, 1.0), (51, 0.22474093264248704, 0.30343264248704666, 0.18911917098445596, 0.28270725388601037, 1.0), (52, 0.25906735751295334, 0.3231865284974093, 0.24902849740932642, 0.16871761658031087, 1.0), (53, 0.3238341968911917, 0.2911269430051813, 0.20077720207253885, 0.18426165803108807, 1.0), (54, 0.21437823834196892, 0.3231865284974093, 0.18393782383419688, 0.27849740932642486, 1.0), (55, 0.27946891191709844, 0.3170336787564767, 0.25744818652849744, 0.14604922279792745, 1.0), (56, 0.31962435233160624, 0.2772020725388601, 0.20401554404145078, 0.19915803108808292, 1.0), (57, 0.22053108808290156, 0.31411917098445596, 0.19106217616580312, 0.27428756476683935, 1.0), (58, 0.2713730569948187, 0.32577720207253885, 0.2542098445595855, 0.148639896373057, 1.0), (59, 0.3248056994818653, 0.2768782383419689, 0.18976683937823835, 0.20854922279792745, 0.9999999999999999), (60, 0.22053108808290156, 0.3128238341968912, 0.18426165803108807, 0.2823834196891192, 1.0), (61, 0.29047927461139894, 0.3079663212435233, 0.2661917098445596, 0.13536269430051814, 1.0), (62, 0.32059585492227977, 0.2917746113989637, 0.2036917098445596, 0.18393782383419688, 1.0), (63, 0.22409326424870465, 0.3228626943005181, 0.17681347150259066, 0.2762305699481865, 0.9999999999999999), (64, 0.2691062176165803, 0.31088082901554404, 0.2772020725388601, 0.14281088082901555, 1.0), (65, 0.32124352331606215, 0.29468911917098445, 0.20110103626943004, 0.18296632124352333, 1.0), (66, 0.24449481865284975, 0.30602331606217614, 0.18426165803108807, 0.265220207253886, 1.0), (67, 0.2655440414507772, 0.3248056994818653, 0.2623056994818653, 0.14734455958549222, 0.9999999999999999), (68, 0.3322538860103627, 0.2924222797927461, 0.19170984455958548, 0.18361398963730569, 1.0), (69, 0.2192357512953368, 0.34164507772020725, 0.15932642487046633, 0.27979274611398963, 1.0), (70, 0.25841968911917096, 0.34585492227979275, 0.23607512953367876, 0.15965025906735753, 0.9999999999999999), (71, 0.3118523316062176, 0.3001943005181347, 0.195919689119171, 0.19203367875647667, 1.0), (72, 0.20725388601036268, 0.3225388601036269, 0.18296632124352333, 0.28724093264248707, 1.0), (73, 0.25, 0.3594559585492228, 0.24125647668393782, 0.14928756476683938, 0.9999999999999999), (74, 0.3079663212435233, 0.31055699481865284, 0.19786269430051814, 0.18361398963730569, 1.0), (75, 0.22247409326424872, 0.3125, 0.1794041450777202, 0.2856217616580311, 1.0), (76, 0.29371761658031087, 0.3173575129533679, 0.2422279792746114, 0.14669689119170984, 0.9999999999999999), (77, 0.3173575129533679, 0.27363989637305697, 0.21988341968911918, 0.18911917098445596, 1.0), (78, 0.22797927461139897, 0.31541450777202074, 0.18620466321243523, 0.2704015544041451, 1.0), (79, 0.27169689119170987, 0.3387305699481865, 0.24740932642487046, 0.14216321243523317, 1.0), (80, 0.28821243523316065, 0.29825129533678757, 0.20628238341968913, 0.20725388601036268, 1.0000000000000002), (81, 0.23154145077720206, 0.33516839378238344, 0.1713082901554404, 0.2619818652849741, 1.0), (82, 0.2613341968911917, 0.3400259067357513, 0.2603626943005181, 0.13827720207253885, 1.0), (83, 0.3235103626943005, 0.28918393782383417, 0.19397668393782383, 0.19332901554404144, 1.0), (84, 0.21275906735751296, 0.35168393782383417, 0.17875647668393782, 0.25680051813471505, 1.0), (85, 0.25971502590673573, 0.35233160621761656, 0.23737046632124353, 0.15058290155440415, 0.9999999999999999), (86, 0.32221502590673573, 0.282059585492228, 0.20466321243523317, 0.19106217616580312, 1.0), (87, 0.22409326424870465, 0.3286917098445596, 0.1955958549222798, 0.25161917098445596, 1.0), (88, 0.26716321243523317, 0.35006476683937826, 0.23866580310880828, 0.14410621761658032, 1.0), (89, 0.31573834196891193, 0.3005181347150259, 0.18944300518134716, 0.19430051813471502, 1.0), (90, 0.21437823834196892, 0.31379533678756477, 0.18814766839378239, 0.28367875647668395, 1.0), (91, 0.2658678756476684, 0.35038860103626945, 0.2338082901554404, 0.14993523316062177, 0.9999999999999999), (92, 0.31509067357512954, 0.3011658031088083, 0.19753886010362695, 0.18620466321243523, 1.0), (93, 0.21178756476683938, 0.3338730569948187, 0.195919689119171, 0.25841968911917096, 1.0), (94, 0.2535621761658031, 0.35038860103626945, 0.24546632124352333, 0.15058290155440415, 1.0), (95, 0.3014896373056995, 0.2969559585492228, 0.18393782383419688, 0.21761658031088082, 1.0), (96, 0.2270077720207254, 0.32545336787564766, 0.18911917098445596, 0.25841968911917096, 1.0), (97, 0.2775259067357513, 0.33678756476683935, 0.23639896373056996, 0.14928756476683938, 0.9999999999999999), (98, 0.30278497409326427, 0.3244818652849741, 0.19462435233160622, 0.17810880829015543, 1.0), (99, 0.20239637305699482, 0.33452072538860106, 0.18620466321243523, 0.2768782383419689, 1.0), (100, 0.27202072538860106, 0.35330310880829013, 0.23639896373056996, 0.13827720207253885, 1.0)]\n"
     ]
    }
   ],
   "source": [
    "list_control1F = list(zip(positlist,list_TF,list_AF,list_CF,list_GF,list_allF))\n",
    "print(list_control1F)"
   ]
  },
  {
   "cell_type": "code",
   "execution_count": 20,
   "metadata": {},
   "outputs": [
    {
     "data": {
